0.0000000000 0.000000000
10.0000000000 -0.155272048
20.0000000000 -0.342732721
30.0000000000 -0.043583294
40.0000000000 1.096014816
50.0000000000 3.149024244
60.0000000000 5.881145404
70.0000000000 8.791459222
80.0000000000 11.177066942
90.0000000000 12.207838092
100.0000000000 11.449304998
110.0000000000 9.369699258
120.0000000000 6.832048856
130.0000000000 4.592970270
140.0000000000 3.120905143
150.0000000000 2.603576698
160.0000000000 2.932814350
170.0000000000 3.680950467
180.0000000000 4.070994691
