180.0000000000 0.000000000
170.0000000000 -0.024574676
160.0000000000 0.029405596
150.0000000000 0.403880607
140.0000000000 1.293688683
130.0000000000 2.749712007
120.0000000000 4.636002210
110.0000000000 6.687436337
100.0000000000 8.497271990
90.0000000000 9.563592406
80.0000000000 9.345885978
70.0000000000 7.771583895
60.0000000000 5.539384118
50.0000000000 3.455945150
40.0000000000 2.125604493
30.0000000000 1.893195266
20.0000000000 2.722643106
10.0000000000 4.055241694
0.0000000000 4.749555068
