0.000000000000000000e+00 1.865890000000000049e+00
1.000000000000000000e+01 2.007330000000000059e+00
2.000000000000000000e+01 2.702519999999999811e+00
3.000000000000000000e+01 4.240129999999999733e+00
4.000000000000000000e+01 6.774600000000000399e+00
5.000000000000000000e+01 1.037077999999999989e+01
6.000000000000000000e+01 1.470007000000000019e+01
7.000000000000000000e+01 1.904329999999999856e+01
8.000000000000000000e+01 2.237117999999999896e+01
9.000000000000000000e+01 2.363212000000000046e+01
1.000000000000000000e+02 2.219622000000000028e+01
1.100000000000000000e+02 1.861132999999999882e+01
1.200000000000000000e+02 1.411167000000000016e+01
1.300000000000000000e+02 9.614089999999999137e+00
1.400000000000000000e+02 5.821500000000000341e+00
1.500000000000000000e+02 3.012960000000000083e+00
1.600000000000000000e+02 1.246310000000000029e+00
1.700000000000000000e+02 3.144000000000000128e-01
1.800000000000000000e+02 0.000000000000000000e+00
1.900000000000000000e+02 3.144000000000000128e-01
2.000000000000000000e+02 1.246310000000000029e+00
2.100000000000000000e+02 3.012960000000000083e+00
2.200000000000000000e+02 5.821500000000000341e+00
2.300000000000000000e+02 9.614089999999999137e+00
2.400000000000000000e+02 1.411167000000000016e+01
2.500000000000000000e+02 1.861132999999999882e+01
2.600000000000000000e+02 2.219622000000000028e+01
2.700000000000000000e+02 2.363212000000000046e+01
2.800000000000000000e+02 2.237117999999999896e+01
2.900000000000000000e+02 1.904329999999999856e+01
3.000000000000000000e+02 1.470007000000000019e+01
3.100000000000000000e+02 1.037077999999999989e+01
3.200000000000000000e+02 6.774600000000000399e+00
3.300000000000000000e+02 4.240129999999999733e+00
3.400000000000000000e+02 2.702519999999999811e+00
3.500000000000000000e+02 2.007330000000000059e+00
3.600000000000000000e+02 1.865890000000000049e+00
