0.000000000000000000e+00 8.994100000000000428e-01
1.000000000000000000e+01 5.524200000000000221e-01
2.000000000000000000e+01 0.000000000000000000e+00
3.000000000000000000e+01 8.104999999999999705e-02
4.000000000000000000e+01 1.281360000000000054e+00
5.000000000000000000e+01 3.710259999999999891e+00
6.000000000000000000e+01 6.983399999999999608e+00
7.000000000000000000e+01 1.047677000000000014e+01
8.000000000000000000e+01 1.327046999999999954e+01
9.000000000000000000e+01 1.442173999999999978e+01
1.000000000000000000e+02 1.335696000000000083e+01
1.100000000000000000e+02 1.060683000000000042e+01
1.200000000000000000e+02 7.327259999999999884e+00
1.300000000000000000e+02 4.338870000000000005e+00
1.400000000000000000e+02 2.228969999999999896e+00
1.500000000000000000e+02 1.280969999999999942e+00
1.600000000000000000e+02 1.432660000000000045e+00
1.700000000000000000e+02 2.205600000000000005e+00
1.800000000000000000e+02 2.624150000000000205e+00
1.900000000000000000e+02 2.205600000000000005e+00
2.000000000000000000e+02 1.432660000000000045e+00
2.100000000000000000e+02 1.280969999999999942e+00
2.200000000000000000e+02 2.228969999999999896e+00
2.300000000000000000e+02 4.338870000000000005e+00
2.400000000000000000e+02 7.327259999999999884e+00
2.500000000000000000e+02 1.060683000000000042e+01
2.600000000000000000e+02 1.335696000000000083e+01
2.700000000000000000e+02 1.442173999999999978e+01
2.800000000000000000e+02 1.327046999999999954e+01
2.900000000000000000e+02 1.047677000000000014e+01
3.000000000000000000e+02 6.983399999999999608e+00
3.100000000000000000e+02 3.710259999999999891e+00
3.200000000000000000e+02 1.281360000000000054e+00
3.300000000000000000e+02 8.104999999999999705e-02
3.400000000000000000e+02 0.000000000000000000e+00
3.500000000000000000e+02 5.524200000000000221e-01
3.600000000000000000e+02 8.994100000000000428e-01
