0.00000 0.73566
10.00000 0.46980
20.00000 0.00000
30.00000 0.17782
40.00000 1.49699
50.00000 4.00707
60.00000 7.30090
70.00000 10.76260
80.00000 13.52688
90.00000 14.72756
100.00000 13.85115
110.00000 11.31038
120.00000 8.06929
130.00000 5.04746
140.00000 2.90466
150.00000 1.90215
160.00000 2.00494
170.00000 2.70087
180.00000 3.08274
190.00000 2.70087
200.00000 2.00494
210.00000 1.90215
220.00000 2.90466
230.00000 5.04746
240.00000 8.06929
250.00000 11.31038
260.00000 13.85115
270.00000 14.72756
280.00000 13.52688
290.00000 10.76260
300.00000 7.30090
310.00000 4.00707
320.00000 1.49699
330.00000 0.17782
340.00000 0.00000
350.00000 0.46980
360.00000 0.73566
