0.000000000000000000e+00 5.271700000000000275e-01
1.000000000000000000e+01 2.256299999999999972e-01
2.000000000000000000e+01 0.000000000000000000e+00
3.000000000000000000e+01 5.710699999999999665e-01
4.000000000000000000e+01 2.344250000000000167e+00
5.000000000000000000e+01 5.343060000000000365e+00
6.000000000000000000e+01 9.279159999999999187e+00
7.000000000000000000e+01 1.348183000000000042e+01
8.000000000000000000e+01 1.701415000000000077e+01
9.000000000000000000e+01 1.868813000000000102e+01
1.000000000000000000e+02 1.743543999999999983e+01
1.100000000000000000e+02 1.409495000000000076e+01
1.200000000000000000e+02 1.013109999999999999e+01
1.300000000000000000e+02 6.479860000000000397e+00
1.400000000000000000e+02 3.855339999999999989e+00
1.500000000000000000e+02 2.408500000000000085e+00
1.600000000000000000e+02 2.141779999999999795e+00
1.700000000000000000e+02 2.596299999999999830e+00
1.800000000000000000e+02 2.946140000000000203e+00
1.900000000000000000e+02 2.596299999999999830e+00
2.000000000000000000e+02 2.141779999999999795e+00
2.100000000000000000e+02 2.408500000000000085e+00
2.200000000000000000e+02 3.855339999999999989e+00
2.300000000000000000e+02 6.479860000000000397e+00
2.400000000000000000e+02 1.013109999999999999e+01
2.500000000000000000e+02 1.409495000000000076e+01
2.600000000000000000e+02 1.743543999999999983e+01
2.700000000000000000e+02 1.868813000000000102e+01
2.800000000000000000e+02 1.701415000000000077e+01
2.900000000000000000e+02 1.348183000000000042e+01
3.000000000000000000e+02 9.279159999999999187e+00
3.100000000000000000e+02 5.343060000000000365e+00
3.200000000000000000e+02 2.344250000000000167e+00
3.300000000000000000e+02 5.710699999999999665e-01
3.400000000000000000e+02 0.000000000000000000e+00
3.500000000000000000e+02 2.256299999999999972e-01
3.600000000000000000e+02 5.271700000000000275e-01
