0.000000000000000000e+00 0.000000000000000000e+00
1.000000000000000000e+01 2.888000000000000012e-01
2.000000000000000000e+01 1.444010000000000016e+00
3.000000000000000000e+01 3.413110000000000088e+00
4.000000000000000000e+01 6.484919999999999796e+00
5.000000000000000000e+01 1.050188999999999950e+01
6.000000000000000000e+01 1.488643000000000072e+01
7.000000000000000000e+01 1.919219999999999970e+01
8.000000000000000000e+01 2.234277000000000157e+01
9.000000000000000000e+01 2.352422999999999931e+01
1.000000000000000000e+02 2.231651000000000096e+01
1.100000000000000000e+02 1.908718000000000004e+01
1.200000000000000000e+02 1.486017000000000010e+01
1.300000000000000000e+02 1.050188999999999950e+01
1.400000000000000000e+02 6.668700000000000294e+00
1.500000000000000000e+02 3.806929999999999925e+00
1.600000000000000000e+02 2.047870000000000079e+00
1.700000000000000000e+02 1.286480000000000068e+00
1.800000000000000000e+02 1.128949999999999898e+00
1.900000000000000000e+02 1.286480000000000068e+00
2.000000000000000000e+02 2.047870000000000079e+00
2.100000000000000000e+02 3.806929999999999925e+00
2.200000000000000000e+02 6.668700000000000294e+00
2.300000000000000000e+02 1.050188999999999950e+01
2.400000000000000000e+02 1.486017000000000010e+01
2.500000000000000000e+02 1.908718000000000004e+01
2.600000000000000000e+02 2.231651000000000096e+01
2.700000000000000000e+02 2.352422999999999931e+01
2.800000000000000000e+02 2.234277000000000157e+01
2.900000000000000000e+02 1.919219999999999970e+01
3.000000000000000000e+02 1.488643000000000072e+01
3.100000000000000000e+02 1.050188999999999950e+01
3.200000000000000000e+02 6.484919999999999796e+00
3.300000000000000000e+02 3.413110000000000088e+00
3.400000000000000000e+02 1.444010000000000016e+00
3.500000000000000000e+02 2.888000000000000012e-01
3.600000000000000000e+02 0.000000000000000000e+00
