0.000000000000000000e+00 3.930799999999999850e-01
1.000000000000000000e+01 2.307800000000000129e-01
2.000000000000000000e+01 0.000000000000000000e+00
3.000000000000000000e+01 2.234800000000000120e-01
4.000000000000000000e+01 1.255209999999999937e+00
5.000000000000000000e+01 3.117480000000000029e+00
6.000000000000000000e+01 5.597100000000000186e+00
7.000000000000000000e+01 8.265209999999999724e+00
8.000000000000000000e+01 1.045295999999999914e+01
9.000000000000000000e+01 1.138423000000000052e+01
1.000000000000000000e+02 1.072035999999999945e+01
1.100000000000000000e+02 8.834170000000000300e+00
1.200000000000000000e+02 6.547019999999999840e+00
1.300000000000000000e+02 4.519400000000000084e+00
1.400000000000000000e+02 3.195669999999999789e+00
1.500000000000000000e+02 2.819459999999999855e+00
1.600000000000000000e+02 3.303970000000000073e+00
1.700000000000000000e+02 4.154569999999999652e+00
1.800000000000000000e+02 4.619979999999999976e+00
1.900000000000000000e+02 4.154569999999999652e+00
2.000000000000000000e+02 3.303970000000000073e+00
2.100000000000000000e+02 2.819459999999999855e+00
2.200000000000000000e+02 3.195669999999999789e+00
2.300000000000000000e+02 4.519400000000000084e+00
2.400000000000000000e+02 6.547019999999999840e+00
2.500000000000000000e+02 8.834170000000000300e+00
2.600000000000000000e+02 1.072035999999999945e+01
2.700000000000000000e+02 1.138423000000000052e+01
2.800000000000000000e+02 1.045295999999999914e+01
2.900000000000000000e+02 8.265209999999999724e+00
3.000000000000000000e+02 5.597100000000000186e+00
3.100000000000000000e+02 3.117480000000000029e+00
3.200000000000000000e+02 1.255209999999999937e+00
3.300000000000000000e+02 2.234800000000000120e-01
3.400000000000000000e+02 0.000000000000000000e+00
3.500000000000000000e+02 2.307800000000000129e-01
3.600000000000000000e+02 3.930799999999999850e-01
