0.000000000000000000e+00 4.139999999999999930e-02
1.000000000000000000e+01 0.000000000000000000e+00
2.000000000000000000e+01 4.964999999999999969e-02
3.000000000000000000e+01 5.252499999999999947e-01
4.000000000000000000e+01 1.628030000000000088e+00
5.000000000000000000e+01 3.322970000000000201e+00
6.000000000000000000e+01 5.373199999999999754e+00
7.000000000000000000e+01 7.365689999999999849e+00
8.000000000000000000e+01 8.759499999999999176e+00
9.000000000000000000e+01 9.089240000000000208e+00
1.000000000000000000e+02 8.248139999999999361e+00
1.100000000000000000e+02 6.571119999999999628e+00
1.200000000000000000e+02 4.682520000000000238e+00
1.300000000000000000e+02 3.110679999999999890e+00
1.400000000000000000e+02 2.192340000000000177e+00
1.500000000000000000e+02 2.088719999999999910e+00
1.600000000000000000e+02 2.677869999999999973e+00
1.700000000000000000e+02 3.487540000000000084e+00
1.800000000000000000e+02 3.885720000000000063e+00
1.900000000000000000e+02 3.487540000000000084e+00
2.000000000000000000e+02 2.677869999999999973e+00
2.100000000000000000e+02 2.088719999999999910e+00
2.200000000000000000e+02 2.192340000000000177e+00
2.300000000000000000e+02 3.110679999999999890e+00
2.400000000000000000e+02 4.682520000000000238e+00
2.500000000000000000e+02 6.571119999999999628e+00
2.600000000000000000e+02 8.248139999999999361e+00
2.700000000000000000e+02 9.089240000000000208e+00
2.800000000000000000e+02 8.759499999999999176e+00
2.900000000000000000e+02 7.365689999999999849e+00
3.000000000000000000e+02 5.373199999999999754e+00
3.100000000000000000e+02 3.322970000000000201e+00
3.200000000000000000e+02 1.628030000000000088e+00
3.300000000000000000e+02 5.252499999999999947e-01
3.400000000000000000e+02 4.964999999999999969e-02
3.500000000000000000e+02 0.000000000000000000e+00
3.600000000000000000e+02 4.139999999999999930e-02
