1.800000000000000000e+02 0.000000000000000000e+00
1.700000000000000000e+02 -9.281141199999999591e-02
1.600000000000000000e+02 -1.250788019999999889e-01
1.500000000000000000e+02 3.736611060000000206e-01
1.400000000000000000e+02 1.728891498999999943e+00
1.300000000000000000e+02 4.000158711000000089e+00
1.200000000000000000e+02 6.987032099000000329e+00
1.100000000000000000e+02 1.021177575199999943e+01
1.000000000000000000e+02 1.292570219899999984e+01
9.000000000000000000e+01 1.422020478700000012e+01
8.000000000000000000e+01 1.349913757100000034e+01
7.000000000000000000e+01 1.120849417300000006e+01
6.000000000000000000e+01 8.349482615999999524e+00
5.000000000000000000e+01 5.736270334000000304e+00
4.000000000000000000e+01 3.878283018999999943e+00
3.000000000000000000e+01 3.010082805000000139e+00
2.000000000000000000e+01 3.053114743000000075e+00
1.000000000000000000e+01 3.565060914000000025e+00
0.000000000000000000e+00 3.862556275000000205e+00
