0.0000000000 0.000000000
10.0000000000 -0.092811412
20.0000000000 -0.125078802
30.0000000000 0.373661106
40.0000000000 1.728891499
50.0000000000 4.000158711
60.0000000000 6.987032099
70.0000000000 10.211775752
80.0000000000 12.925702199
90.0000000000 14.220204787
100.0000000000 13.499137571
110.0000000000 11.208494173
120.0000000000 8.349482616
130.0000000000 5.736270334
140.0000000000 3.878283019
150.0000000000 3.010082805
160.0000000000 3.053114743
170.0000000000 3.565060914
180.0000000000 3.862556275
