0.0000000000 0.000000000
10.0000000000 -0.048099154
20.0000000000 -0.017197023
30.0000000000 0.419029739
40.0000000000 1.483564815
50.0000000000 3.203582126
60.0000000000 5.388444144
70.0000000000 7.723799801
80.0000000000 9.792273422
90.0000000000 11.094442468
100.0000000000 10.828138042
110.0000000000 8.885688404
120.0000000000 6.076692615
130.0000000000 3.351686559
140.0000000000 1.418872504
150.0000000000 0.618777749
160.0000000000 0.949643212
170.0000000000 1.879411393
180.0000000000 2.394429398
