0.0000000000 0.000000000
10.0000000000 -0.057340912
20.0000000000 -0.044922299
30.0000000000 0.367044847
40.0000000000 1.402830702
50.0000000000 3.086038508
60.0000000000 5.242046286
70.0000000000 7.555689061
80.0000000000 9.617021323
90.0000000000 10.897083663
100.0000000000 10.656351603
110.0000000000 8.728420977
120.0000000000 5.951009949
130.0000000000 3.266147782
140.0000000000 1.365443587
150.0000000000 0.584016136
160.0000000000 0.922889371
170.0000000000 1.859667636
180.0000000000 2.379831620
