0.0000000000 0.000000000
10.0000000000 -0.038857395
20.0000000000 -0.006616259
30.0000000000 0.373556086
40.0000000000 1.317790769
50.0000000000 2.869828614
60.0000000000 4.872297175
70.0000000000 7.034369857
80.0000000000 8.941060191
90.0000000000 10.085988065
100.0000000000 9.867546497
110.0000000000 8.141621811
120.0000000000 5.668269895
130.0000000000 3.303298602
140.0000000000 1.689666536
150.0000000000 1.185098018
160.0000000000 1.755093986
170.0000000000 2.867229370
180.0000000000 3.465160653
