0.0000000000 0.000000000
10.0000000000 -0.027672766
20.0000000000 0.046523853
30.0000000000 0.491966119
40.0000000000 1.519324120
50.0000000000 3.160996523
60.0000000000 5.260030959
70.0000000000 7.499240819
80.0000000000 9.454634172
90.0000000000 10.587668533
100.0000000000 10.310652068
110.0000000000 8.507432674
120.0000000000 5.953215369
130.0000000000 3.513443592
140.0000000000 1.848430498
150.0000000000 1.303061717
160.0000000000 1.855414327
170.0000000000 2.950378943
180.0000000000 3.544345722
